1000 1000
1153325586
6008232711
6399910610
9715862809
7822496479
5015286327
1595986382
9442431751
6071322525
9083333322
6912436631
2831559711
4944780638
7957011567
4742793174
7596509699
8340007919
3829951438
9434759591
5434608843
7001830692
1314642179
2943119237
507706127
7733921023
1746020550
939450615
5234450355
8388642685
9259185638
7989175557
1175038266
8312954099
4789197749
2108353008
2445161247
8113893248
7133129222
2369393708
3791549991
377098990
4174800833
9540279249
8773392954
6320808855
3207841440
8608369673
8079359374
2945418466
2109228949
8385071554
9456663013
9886805719
1276073031
5390914815
3932126255
2177805658
2377271250
4956369765
9647006841
2903338540
879870871
795277043
3725739825
9267978856
9954754215
1961971067
1592206700
1293917304
1545167701
9508514849
6172941669
5156833141
9109438119
1273489220
815509973
3183905337
981243814
5947318928
5160069378
2114564509
6013572387
9818948662
7660471145
4194154561
1517793830
4108061250
6386730462
1533656258
950709392
5825225637
2276681079
2886728656
428504842
1685004275
3474473817
8143589300
7463779496
813921034
2795499673
9622597327
8135873454
3576641097
6715648712
1591384594
1637538577
2577801661
9733512084
4612336036
9591285742
1043298986
7537100583
9993997251
5001942601
7565322208
5241122330
3683347872
4063802305
1044823893
8237865714
5886000607
1213105949
9082331786
5088619817
2681247056
5284715973
7333340254
4484046425
1542792379
9707867888
8856043395
7293774667
9898598098
9387055371
9577219476
5152242574
2793033216
1367213839
8884578653
3010224312
4855834960
6862983846
2689368936
1089124816
2405631392
4338016448
5171111370
9093773894
2577043223
5438259908
9825846094
1337578526
4396042493
5654531543
733238118
139154694
4812212491
3070956132
2069264555
3306354839
249781492
1029278575
6716353889
7930793818
2323977478
9300176163
1399747697
3781506465
2767675503
8089214919
5953310215
662598796
6803120249
1412328326
1613731620
6492504945
9803245938
1004501718
3349868694
3665513291
6024445007
3116377583
8896151983
2232786477
4186438409
8884836853
5828015809
4050495523
7001086321
928649312
9769182148
5771038893
4368066225
7664640010
9430931891
7111876835
9588550595
3877310146
6551266915
1721142161
2137130723
6170161789
5446122503
4316378335
9403576904
7927346701
7958889743
8170315587
9899054653
3764986630
885204641
4210491891
4250342076
2678553557
7917994404
8979505803
4018478316
1740367403
1075357607
5057033835
6594481224
1224305660
8255378226
2747906325
6802188939
9057031520
4667401221
3866181520
8795516936
9144480737
9957234379
488732211
1126170483
5012925611
9858457448
120654089
8347047823
2741468421
6032288835
4181987378
5559816758
8374387706
6094217444
6997477629
6225495790
9455762073
4265944905
8010959218
3746205994
738867671
534035764
1792760896
5924577252
7056121734
7301248863
6363955957
1917319497
6808379346
6404041337
2326399770
1520427438
384879393
5446751870
4323711924
2992335537
2385296440
9642197098
3980066985
8137415101
8521380981
7567005670
9872341683
7476196953
6920990557
2059190100
229871160
4749647914
8378793465
583201260
3109453391
3057792823
4542099586
1245419264
1411988462
4851063130
114206170
8538802124
7195101808
1959976722
7335428853
803674179
4464104297
3472758406
7322333973
4970531598
3499075854
1219245035
3873538533
4003533499
860302249
4806571572
860340564
6253764113
4653080612
9611726224
3805519754
4846517318
7541334592
537650261
2375235390
2735647416
2549309864
1355678172
3859748238
5428471136
3801483435
9414654650
5153028500
3877553602
7602255341
3367230673
5477292326
2822623339
4385540068
3175003324
28742691
7927794542
9453218327
2720996697
8362780129
3325724893
9957122637
3691407500
9981410401
5914000795
2630853024
2136665031
1215075204
6419480109
7907237104
9801582216
2945325660
8366548703
7012849473
4724314138
8662141681
2257729455
2363030670
8447251745
1370614409
5220814654
9510063399
1534741232
3889380150
45849617
9121316869
9157725498
9149420689
1330506453
8036948049
2535640308
3529988071
4331157632
4462602461
3530167652
7139661916
5127392143
5533590439
2667571757
7761578907
6512295684
5706077401
2094762497
8899328087
2590380347
1052701638
6780590058
7359581906
4195804193
5462769163
6668204821
8049566248
2397380587
30342435
8298835117
9350985815
6247429214
7758796783
1485173401
3340072759
8887108846
774186500
2695559850
2072154435
5248660613
2469852241
1709966773
5285074495
7247799369
6612491192
6827434016
5650473127
2593152319
429858526
1640006876
9726491565
1882801425
3635006113
3927154310
3042337415
682275634
2665292454
9176832337
1792297608
2853459014
1558941326
8088361550
9621076197
2191296459
7905063782
7540961750
3946094191
9704845508
9294832290
728452341
8675394132
7274487808
9095678223
6731245023
4611110633
3012860374
4558304907
6524690605
4927959986
2082832178
562353437
8317095467
620169199
7382255774
1241615927
1677299642
3241531834
4402920838
4990782730
6945281631
4438965642
8917169515
4779459672
1029168005
7877942928
392959777
6455889855
8241451835
2187250745
136284735
7454511467
4918488829
9778175410
6178477550
4175671272
5368592048
2669576320
2904615302
5020329523
8729067746
2338491330
8778760305
7419757902
9015664431
6364015492
2461003769
9978337127
1379890197
8273514361
3950599125
8122318416
8504014033
4765239967
9813542824
6915024738
6403937686
9237250190
3340605093
3775522227
9409240932
521022274
7103288870
2394961491
1828484034
7614158910
557852972
8406045210
8100984157
9895624790
809371019
5882266001
2929485533
7688714536
789327866
3919067991
3176386577
7361521339
2791966018
335466610
4145054426
5692241050
1538619198
5337386500
2974604140
9126742434
1056464402
4142508057
3848620368
8108556912
4868071453
6409129128
8040327264
5764324966
7247229041
8597967526
1901933449
9815286609
9961106931
4652768098
3530908592
2012394071
2508614710
145935024
1131348915
8435374800
1854728936
9336586238
6055345883
6020057322
625831229
9987566231
4775812814
7540929420
1820845887
1392726560
7545820147
9364255921
4852730599
3851861423
5204874370
7276207722
4571931639
4394850994
9153896652
9222560286
5032933163
6027588302
4305687197
2398182075
7334827337
903416011
341253458
4522757477
7218054364
4323287764
8102046611
3202627784
3667543972
578900572
5864903446
41359992
584199471
5999290428
1210078112
4161643945
7481088978
5160711716
2772923374
6161550685
1203312286
6134002216
5392104813
1404465595
8506720874
5026313602
3357439121
562168769
3284105535
5696845196
6531543796
479280584
8643644839
3407587305
4748589942
2980158048
7494167926
2697452612
23402360
1371049973
9805380116
2326876001
3612520818
8264745060
8875632416
6683517840
1672595749
6860000472
6522886467
7025516642
5129433607
531149516
9119834953
7082486368
1050616077
7098488994
4850899917
3031619015
1739538214
4372850671
6830566428
1315054682
3511874775
6259594253
2162738675
893912787
4863397681
1488385910
6226276527
4699082042
8597020716
7145692383
648064480
5056565560
3046287569
2427901773
9910913191
7967691310
3490623706
3045224344
9085008555
6665630407
4789327883
1651734614
8297500692
9452784246
5013707629
1915054137
6200916475
7474503252
121131672
2844153785
1085552967
3042507963
4464259106
3949634798
1599481535
7085349033
1914505714
2697121668
4100703887
2399235654
320994639
6348795721
6578617328
5769115158
9018411838
6319468997
4717821877
9972849318
3302225621
2319023779
1403069257
2863128670
2859292748
6674805570
9282768348
9794503895
4960943112
7698286197
5259306430
1959405184
7373378137
9674390913
3345883846
7140860388
8862432187
5269912366
5729576916
3008204863
1133482861
9268962042
329663754
5312722036
4631894003
8402779401
5903538037
5741530797
4346091470
3383179227
355869780
8060180527
5276631623
6923994898
2623421160
1167690299
3335305937
5170895774
8925246727
2100800748
2919754493
6593565355
6570797439
3835367487
3043725701
2328959969
7167714778
8485476838
4879520620
6595779132
6914283592
8537490601
3905154476
2927362804
9484712026
1680249773
3384260055
9242822087
2181523376
2444558499
7574381090
772328204
4175462548
8184182814
7812500970
5983053396
8248464082
6136661323
5669121859
276727600
4092187681
3425879795
8083308853
1151600973
6744632002
4915209753
3662385780
2206333152
8090567191
2185539336
3022994265
6497432114
5996907607
8717784744
7565696956
2112571192
2524101814
706944468
7219956454
4017467088
8599929106
3576309387
8340310542
3245387407
8320642153
6054041638
3187194609
55286251
8905662932
275260132
5207774826
7554372974
3218990151
5779478795
9544991333
8123630803
302234820
9832363774
3350162121
8793518839
2228773667
2027244274
8971646324
1877715294
6148309360
5921281241
7686030942
1235444474
5457067402
7211547089
6236997600
4719591269
2327825923
8901873526
9202318321
8509079548
1968081290
9992284457
4191466443
2537132614
9315683017
1695859989
9374259559
3774314444
3091451924
9258514144
5746167874
7440294040
102672552
1192173329
5610172027
2308694957
9662705148
2238076674
7891074909
5766559490
8526330984
4208471885
3538948134
4304529600
4261355703
7531461678
2833856996
5521708862
5034019028
1666648869
7987747165
3515152212
5701451689
5224719648
4248533918
2371896619
26310714
4395551188
9855862673
3340883099
1275928115
5697354049
5269228945
191538851
9505557199
4092663220
8978755739
8863852421
4933656415
9845346121
372559048
9397246722
370223341
4961869156
5638102890
3768432839
747709129
6316523954
2257461895
1612893887
5806442014
2976419202
8606080380
3185500925
1221551533
3882214359
540797626
9270625144
4349903791
4282331174
6255342300
622133428
9089162996
8312697343
7166815933
6829739728
8776372529
9331067795
9086622041
8362381192
840123606
7194991995
4949185080
7584650039
8138302927
8874770687
1490357320
6689404495
8008173595
3498757302
2205337868
3440955314
5427363801
3656871148
6861203926
9539995705
1704039378
4949828154
8493312678
1245021170
5974071501
38064416
2761920165
1764044880
4874794942
3385274775
7163911309
3354551049
3318348943
250485144
8618349671
5321071888
245564292
120837701
8098086075
663200416
6778358567
7404165789
9001345840
6177951884
6003624948
4676369336
1682164589
4771614951
8762438325
6340353632
6385193040
7128305495
5077549754
6942246400
6055193553
4687984893
6159228001
8241410244
4405585544
2756810367
2995392372
2589550333
8609324281
9265745629
3955877475
6325162698
412748973
4824344201
290286523
6106126044
7224553769
751644293
9751581555
2264451355
852608152
2006569078
3452181970
4393136877
7824864086
5300848247
6130301702
5841907820
6239766370
3605961498
6152938365
2300661418
3651422671
4201465393
1633035383
9132783421
4632402662
7906256156
5323147045
8161153921
9266046417
4353881140
8233237306
9791915146
4582136725
2575668666
2122767770
9405275066
7516310930
749806763
5365365045
1060118296
8462134170
7670027474
4573538364
6358420794
6570828364
4940965604
8348282383
2997165089
7143560978
3090622647
2021775935
4465647637
7675250266
8112561626
2538236071
6758478763
7726729510
6358263552
9684816080
1844885359
869177769
647385249
2679018945
3720491355
8642512542
6941425023
3027107458
8054891693
1915234900
7463068781
632841080
4878969661
1795277973
8512354816
1394109048
9470897280
6155894722
3053359064
3187961316
4362526294
9452543812
347278686
151215465
6902104740
2009815184
4372437688
1731945257
2574838950
5781348403
874896675
4589658133
1011356364
6169109189
7432982874
6706145237
2760156459
8392168325
210952417
8949797010
2182446251
3050842774
6747492650
2671611225
8310011261
1982137462
7201029175
7383218244
2610056290
3437388197
8202105778
7131256172
7874834581
9362405220
932128223
6771456251
2417038616
2814682605
1882731856
5927054354
5511865554
3097746797
1921178899
9938083852
3046096057
9866982193
5091617581
3783076166
9386982798
4197463352
3030295712
5006297591
1788959172
3624669179
6452498219
5599592928
3328494740
2117449991
2323528958
2926133021
5018681028
4470343201
2936577771
2089554354
2971512850
495187942
4696128796
8314462827
2747594177
9744454132
3638339186
4884551914
3466515233
5361731758
2365306627
9012185559
4801075736
639510457
8601268064
1633826171
2736178261
719813670
9203111741
5490007122
6840987895
4870894059
3636762
591385200
7917735109
7112712538
9533689578
7092157840
8620230441
3645030917
8313249461
2514375163
1127966946
4186767484
5988561074
6001880350
203943699
6454100242
8068411869
3677732456
8291310242
9989284457
60567284
2159765134
4813110594
9622391973
6376360981
5748399872
6943568066
9408018710
4904649803
8906902301
7855285565
9036269707
9846679475
3645003194
6649671349
3815505888
4435825693
683744197
4925291267
9815487829
2442903308
378592271
4924183506
6038696258
6769122138
230134651
7746792590
2283263920
5125630713
3583978133
7002746255
58152791
4947367141
4407603978
1048033159
6467018496
9212107956
6022632034
8204833844
5125412002
4447118338
3318459430
2062142498
9212511442
542794049
4668107977
3916069342
4851691642
7040769852
1881319083
8775095266
2577480023
8914044089
7416202525
5954148188
3665446013
5337352668
2020305904
3745916024
8144817434
3616982057
1421925512
9111798275
5409291465
8678136967
3666499587
3079139614
8748206336
136799507
2257285830
3998731227
8064826319
8199345125
2440611766
8758141057
5821646357
5545838258
5200882353
2942317473
4530300403
3193492207
2381457553
9733487441
7690943974
6719201198
9681330388
9591057390
7906532673
1551384674
7175855151
6800153030
7977356686
1813685475
148852013
9081120698
5964132523
316143895
2267340471
8900382414
8932721868
9906514248
57611782
5785337412
433198345
7898964030
4511567755
2179167100
4322753149
959871320
6189047010
8738432714
9755796412
9923898059
3822044233
1406549776
9736571925
793946807
1808376206
1478423907
7061230498
5718207437
3501633445
1501914181
9330418600
3456278988
9942969008
7097773592
2247028856
2719642847
1138659963
396451287
7011868742
2242027692
914906506
4781915242
538031023
4841643098
9970109312
876854646
377954876
6392605619
5952973785
1017429848
7952242348
7414299922
9435877414
5258842039
2146373496
2708182591
808996466
4182641199
1710316256
679399797
3220357927
6273661321
7462000173
3344365136
9876741893
6907684438
8098867680
6345015001
9572927057
1422682738
4972306163
6353192651
7488542554
273554311
3280213890
6171992219
6229304294
98884621
6684532576
251502617
3672624133
5962870807
5201267159
6746428395
9779322239
5918623218
3872588558
9958059480
8100357559
3705214115
7052147290
5733659619
3895471971
117980244
2583564875
7141279015
4968861404
1172905014
1279615020
4369451227
7661056637
5235694110
5705114507
8187484149
9145463125
891076220
9622420951
4771769839
5765050957
5670509564
2699424432
4029933290
9636034144
983638591
5269655360
1399714872
8786388456
9757065033
3401774668
9869587126
1409859543
6185039695
6973074320
9842881255
1139267457
2659353206
6177695749
6799685565
1892124799
8301991154
2561542423
5385199996
57210752
7412045938
527005699
5593898348
3909875800
6114369927
3896034809
8913783238
9323158352
6314185643
3967455645
8754775482
6189903204
2609035738
478568405
7539567993
4296787994
7714860320
9673438482
4200850421
2527888199
7611488595
7845083625
7326804666
3803440981
7961803919
2047569357
3218152205
7493441780
4429109675
2834227261
7932917790
2212999439
9395000435
4249244618
762460043
7056295397
641247312
4899220470
5789716744
4754266480
6061233212
2040712159
6199595629
4119376944
9078776219
5742607165
9377327299
4232084214
5134752365
7660886431
8978557393
8566128340
1766044497
7012985132
5888106005
5027377646
9729374679
653853082
8174855839
8130287710
7019542070
3690454516
1253629928
1036776495
8551351210
8153174092
7134940497
2442421148
9609779691
3896937722
8662849379
9019837008
1285113014
8041290111
1887111603
6138729360
9469601145
5303523042
3619301999
2979192757
4463090911
4993269652
7276797731
4219112144
8463709176
6104558862
185589427
5106457748
665665351
8783187645
891937776
1459430627
618680274
6952349385
380898006
5833763929
2061649536
1734728164
7687852829
7797636786
7215114367
8733375086
1174075164
8871406234
707676438
2245033822
1589314469
7828732526
9892546566
166072758
5710364597
2557624976
4267061756
8683073497
1818805543
1414247470
1955518026
154719447
3987455391
6541945802
9825943753
1587453882
9931635560
7343348709
8915104607
7537818185
6817029034
1822611787
3812924748
6184229569
2279103407
4090778650
9318711691
3231794015
6416847971
3294006750
6000910929
9230662042
7442871232
3196920102
3671107353
2556057140
255309896
2569967723
2324545698
4992672777
3792865818
2558366283
8621657364
7990356687
7136512211
706425507
7738436166
2215193822
3951289788
6831991078
5571980659
9108274074
1206908632
8908328785
7872630576
5575294924
6129677181
6349685999
5496433601
2935064073
9344501868
8915593145
1018768618
3836857528
8115512987
7885163387
7497088312
6954975690
3964387097
9675642764
9189434485
2927642516
4957210991
9495574660
1632434240
6231814596
9792224057
1779969885
7850806804
1073758921
3725867508
5521392829
9097583962
5794532156
9912285090
4324117181
146241056
5993443336
2396667602
8702320831
1639752472
4431166399
3801638912
7535677044
9268155186
1338861251
2861066114
7937074257
3056718342
313328974
2921877076
1495851454
3461817947
9331857410
2978312786
6752907329
6688409412
1342749629
3262789404
9007813977
9060474735
9245063027
927025051
9172898764
4633839442
4230391625
3548802342
5916542490
6935633614
8161813678
4855190238
7677235851
4113857774
6751484262
9471024249
5200299608
6105973467
5745747672
5347595664
441870360
3830002622
9109763720
7838696552
8109520996
1847318206
9980984406
8626247169
1391332285
398301480
3261976312
9769694178
5841016200
6627734300
6053890355
225506051
3529377166
180826285
5154409380
5105638583
6513948746
2680489242
1095656720
7873249152
7192065545
8069997040
7728551496
2636413522
6860583055
8876427311
664606234
2555458318
597633522
8405736381
4475903183
8441101726
7904523239
9057397177
1853455827
912297413
2642388449
5367142621
2114693511
5513119737
6692832413
1314878424
8784188250
5271517790
326717088
838897378
2481336974
5217600648
3546814263
6663684973
6498351994
4033466598
3998468326
3231776131
1124261105
4513566850
4707055012
4762207301
5566361408
2298193481
576299199
120827216
7709797802
5016108483
2758649882
4097073644
2975871585
6412805357
4971340947
2512630196
6241993708
9205403412
8722221711
3865420430
7146559997
9606790064
6740896257
2927979017
358752984
1000013964
3343976699
9814596229
8520335689
4866800291
3724499426
3307374434
4405627532
2488153950
200484302
6841560811
9957379778
937482887
9321192347
4294194286
3382161500
9662668134
3536520051
6766082227
5704665949
1416111768
2732408748
968270605
3103843438
9691013971
5102706774
5944079880
2406054105
2756103131
2319636767
6699899624
7637213507
2015611600
1707411512
670780786
4134672089
4693759187
7970665987
5577729213
4411162186
7524061358
1226446415
1851600312
349704004
4372550557
4803225052
7958814172
7022693074
2626975701
8181248048
1847214751
6544936273
755613069
9643195217
7162723781
6894793306
2993354811
8154926376
9193931728
4745366406
8614162639
2079123953
3149317249
5972531033
9404533709
4366757278
3909890705
5232913885
3279812162
2159133288
4223174345
8849416826
895262057
3634096375
801681423
1095867558
5368245727
1281528714
9717000026
3718984375
2568126058
1945894290
570047300
6436228378
7347625117
1732586893
1369384002
8787328618
9158959017
7646547684
6093595614
8964159639
1505081888
5272112157
4939939586
4063711392
222062379
7706178152
1040930209
2082160628
8030476035
1531966884
8116846984
6957213936
4313332591
4676637931
786368349
3441381642
1326677409
5086144247
7129718780
5347294735
6732073417
3436598678
4061199353
1454266792
3053602572
6784243264
1158045530
18867654
5785410307
9023530518
9908915249
435840989
2176146503
647433845
539420266
4097837930
4340909308
8189721500
3053195914
7933975537
4777705615
997343785
5899867488
8847320753
3564233376
9829668547
5628471270
1449124
9507590516
830578800
8216223647
2611212304
1887981787
546916752
444922096
6915555578
4771723187
8598570343
8354239252
7649576311
8461966559
2831812741
7169882843
9335247090
7202240579
2017191981
4519371069
5415788668
7001950185
8788722045
148630414
6389595736
3042305436
6752231507
1859185624
7035113059
1306181124
9704297852
2287862801
8873633069
8630499281
201275445
9239325079
6422543143
9432285885
7408243289
340671261
5661557131
8211133554
6352133480
6240724905
3536695554
694363827
9743065739
5425762541
5617554199
5375103250
1923968461
3008505853
2428315689
3557776792
9461899525
3059526452
2574132589
9109857391
6633687025
7606220448
6617584069
8704083825
6575518743
4977348617
3478816028
9584514683
259588036
8044263388
4621487408
8392042094
8645712425
5074422981
162420040
5438818923
4827570508
686585387
2505910877
5658320738
960707066
8714694051
575796357
5709886974
2464841365
963479605
8501414735
8609907194
8247281733
5807163660
1013834739
5205808838
1731213441
1006655568
2723254924
4891166035
3168225052
5563676573
9182713620
7724629995
320421750
6174075246
3911210690
3409155131
40924711
2140806293
9887429823
616260440
679200843
3708283935
9860504410
6099221341
1630438505
5785554456
6656557205
4195865893
8065873441
1091523279
5153923578
5708188651
3142125649
9394831931
8915705818
2088390224
4779232572
9862682364
9688831969
7256141580
7624801619
8000001991
271976229
4403561971
1990937472
9740062250
1568375755
5484933531
4869857942
5180248363
2331049320
820661908
505504233
9190210362
6645247977
7381186068
3208143720
7564212004
7002184391
1243098067
5315375576
7710595009
8004023316
6886960573
5515485490
4099636506
908459619
3969620286
9323738430
7475879446
1178794685
9251839587
9663382021
7292186802
356437662
5083816724
8943573635
9995756055
3430131761
7261669697
522537661
9937376252
1700361
6565056877
786922929
2159745135
6175646637
1645363858
3520344154
8209627774
9045447625
1121207150
5675531366
4524293347
7424808283
1771376120
999785599
6818534712
3055940398
7192244689
6849656359
8953805134
6056282387
8864331653
3256815396
3453408358
9955079061
5583992122
7264190809
6308885649
3466860609
76536524
6654334079
4480935752
